age,is male,bmi,no. children,is smoker,charges
18.0 1.0 23.21 0.0 0.0 1121.87
18.0 1.0 30.14 0.0 0.0 1131.51
18.0 1.0 33.33 0.0 0.0 1135.94
18.0 1.0 33.66 0.0 0.0 1136.4
18.0 1.0 34.1 0.0 0.0 1137.01
18.0 1.0 34.43 0.0 0.0 1137.47
18.0 1.0 37.29 0.0 0.0 1141.45
18.0 1.0 41.14 0.0 0.0 1146.8
18.0 1.0 43.01 0.0 0.0 1149.4
18.0 1.0 53.13 0.0 0.0 1163.46
19.0 1.0 19.8 0.0 0.0 1241.56
19.0 1.0 20.3 0.0 0.0 1242.26
19.0 1.0 20.7 0.0 0.0 1242.82
19.0 1.0 27.6 0.0 0.0 1252.41
19.0 1.0 28.7 0.0 0.0 1253.94
19.0 1.0 30.4 0.0 0.0 1256.3
19.0 1.0 34.1 0.0 0.0 1261.44
19.0 1.0 34.4 0.0 0.0 1261.86
19.0 1.0 35.4 0.0 0.0 1263.25
20.0 1.0 33.33 0.0 0.0 1391.53
21.0 1.0 23.21 0.0 0.0 1515.34
21.0 1.0 31.1 0.0 0.0 1526.31
21.0 1.0 35.53 0.0 0.0 1532.47
21.0 1.0 36.85 0.0 0.0 1534.3
18.0 0.0 20.79 0.0 0.0 1607.51
18.0 0.0 26.73 0.0 0.0 1615.77
19.0 1.0 17.48 0.0 0.0 1621.34
18.0 0.0 31.13 0.0 0.0 1621.88
18.0 0.0 31.35 0.0 0.0 1622.19
19.0 1.0 20.425 0.0 0.0 1625.43
19.0 1.0 21.755 0.0 0.0 1627.28
19.0 1.0 22.61 0.0 0.0 1628.47
18.0 0.0 36.85 0.0 0.0 1629.83
18.0 0.0 38.17 0.0 0.0 1631.67
18.0 0.0 38.28 0.0 0.0 1631.82
19.0 1.0 25.175 0.0 0.0 1632.04
19.0 1.0 25.555 0.0 0.0 1632.56
18.0 0.0 39.16 0.0 0.0 1633.04
18.0 0.0 39.82 0.0 0.0 1633.96
18.0 0.0 40.26 0.0 0.0 1634.57
19.0 1.0 27.835 0.0 0.0 1635.73
19.0 1.0 30.59 0.0 0.0 1639.56
19.0 1.0 30.59 0.0 0.0 1639.56
19.0 1.0 35.53 0.0 0.0 1646.43
22.0 1.0 26.84 0.0 0.0 1665.0
22.0 1.0 33.77 0.0 0.0 1674.63
22.0 1.0 39.5 0.0 0.0 1682.6
18.0 1.0 15.96 0.0 0.0 1694.8
18.0 1.0 21.47 0.0 0.0 1702.46
18.0 1.0 22.99 0.0 0.0 1704.57
18.0 1.0 23.085 0.0 0.0 1704.7
18.0 1.0 23.75 0.0 0.0 1705.62
18.0 1.0 25.46 0.0 0.0 1708.0
18.0 1.0 26.125 0.0 0.0 1708.93
18.0 1.0 23.32 1.0 0.0 1711.03
18.0 1.0 28.5 0.0 0.0 1712.23
18.0 1.0 29.37 1.0 0.0 1719.44
18.0 1.0 30.03 1.0 0.0 1720.35
18.0 1.0 33.77 1.0 0.0 1725.55
18.0 1.0 35.2 1.0 0.0 1727.54
19.0 0.0 17.8 0.0 0.0 1727.78
19.0 0.0 18.6 0.0 0.0 1728.9
19.0 0.0 20.6 0.0 0.0 1731.68
19.0 0.0 24.7 0.0 0.0 1737.38
19.0 0.0 28.9 0.0 0.0 1743.21
19.0 0.0 29.8 0.0 0.0 1744.46
19.0 0.0 32.9 0.0 0.0 1748.77
19.0 0.0 40.5 0.0 0.0 1759.34
20.0 1.0 29.735 0.0 0.0 1769.53
23.0 1.0 26.51 0.0 0.0 1815.88
23.0 1.0 32.56 0.0 0.0 1824.29
23.0 1.0 34.4 0.0 0.0 1826.84
19.0 1.0 20.9 1.0 0.0 1832.09
19.0 1.0 24.6 1.0 0.0 1837.24
23.0 1.0 41.91 0.0 0.0 1837.28
19.0 1.0 28.4 1.0 0.0 1842.52
20.0 0.0 29.6 0.0 0.0 1875.34
20.0 0.0 31.46 0.0 0.0 1877.93
20.0 0.0 33.0 0.0 0.0 1880.07
20.0 0.0 33.3 0.0 0.0 1880.49
21.0 1.0 28.975 0.0 0.0 1906.36
21.0 1.0 31.255 0.0 0.0 1909.53
21.0 1.0 36.86 0.0 0.0 1917.32
20.0 1.0 22.0 1.0 0.0 1964.78
20.0 1.0 27.93 0.0 0.0 1967.02
24.0 1.0 23.4 0.0 0.0 1969.61
24.0 1.0 25.8 0.0 0.0 1972.95
24.0 1.0 29.3 0.0 0.0 1977.82
20.0 1.0 33.0 1.0 0.0 1980.07
24.0 1.0 32.01 0.0 0.0 1981.58
20.0 1.0 40.47 0.0 0.0 1984.45
24.0 1.0 35.86 0.0 0.0 1986.93
21.0 0.0 25.8 0.0 0.0 2007.94
21.0 0.0 34.6 0.0 0.0 2020.18
21.0 0.0 34.87 0.0 0.0 2020.55
21.0 0.0 39.49 0.0 0.0 2026.97
22.0 1.0 25.175 0.0 0.0 2045.69
22.0 1.0 32.11 0.0 0.0 2055.32
21.0 1.0 26.03 0.0 0.0 2102.26
21.0 1.0 22.3 1.0 0.0 2103.08
21.0 1.0 27.36 0.0 0.0 2104.11
19.0 0.0 22.515 0.0 0.0 2117.34
19.0 0.0 30.495 0.0 0.0 2128.43
19.0 0.0 32.11 0.0 0.0 2130.68
19.0 0.0 35.15 0.0 0.0 2134.9
19.0 0.0 36.575 0.0 0.0 2136.88
25.0 1.0 25.74 0.0 0.0 2137.65
19.0 0.0 37.43 0.0 0.0 2138.07
22.0 0.0 24.3 0.0 0.0 2150.47
22.0 0.0 27.1 0.0 0.0 2154.36
22.0 0.0 28.05 0.0 0.0 2155.68
22.0 0.0 28.82 0.0 0.0 2156.75
22.0 0.0 36.0 0.0 0.0 2166.73
18.0 0.0 25.08 0.0 0.0 2196.47
18.0 0.0 26.315 0.0 0.0 2198.19
18.0 0.0 28.215 0.0 0.0 2200.83
18.0 0.0 24.09 1.0 0.0 2201.1
18.0 0.0 30.115 0.0 0.0 2203.47
18.0 0.0 30.305 0.0 0.0 2203.74
18.0 0.0 31.92 0.0 0.0 2205.98
18.0 0.0 33.155 0.0 0.0 2207.7
18.0 0.0 35.625 0.0 0.0 2211.13
18.0 0.0 40.185 0.0 0.0 2217.47
18.0 0.0 40.28 0.0 0.0 2217.6
18.0 0.0 37.29 1.0 0.0 2219.45
19.0 1.0 25.555 1.0 0.0 2221.56
22.0 1.0 28.88 0.0 0.0 2250.84
22.0 1.0 31.73 0.0 0.0 2254.8
20.0 0.0 28.975 0.0 0.0 2257.48
20.0 0.0 31.92 0.0 0.0 2261.57
26.0 1.0 20.8 0.0 0.0 2302.3
18.0 1.0 26.18 2.0 0.0 2304.0
26.0 1.0 35.42 0.0 0.0 2322.62
19.0 0.0 28.4 1.0 0.0 2331.52
24.0 1.0 23.655 0.0 0.0 2352.97
20.0 1.0 32.395 1.0 0.0 2362.23
23.0 1.0 23.845 0.0 0.0 2395.17
23.0 1.0 24.51 0.0 0.0 2396.1
21.0 0.0 35.72 0.0 0.0 2404.73
23.0 1.0 35.2 1.0 0.0 2416.96
23.0 1.0 50.38 1.0 0.0 2438.06
20.0 0.0 28.785 0.0 0.0 2457.21
24.0 0.0 22.6 0.0 0.0 2457.5
20.0 0.0 30.59 0.0 0.0 2459.72
24.0 0.0 27.72 0.0 0.0 2464.62
24.0 0.0 33.99 0.0 0.0 2473.33
24.0 0.0 39.49 0.0 0.0 2480.98
27.0 1.0 23.1 0.0 0.0 2483.74
27.0 1.0 30.5 0.0 0.0 2494.02
27.0 1.0 32.67 0.0 0.0 2497.04
27.0 1.0 33.66 0.0 0.0 2498.41
25.0 1.0 27.55 0.0 0.0 2523.17
22.0 0.0 20.235 0.0 0.0 2527.82
25.0 1.0 35.625 0.0 0.0 2534.39
20.0 1.0 31.13 2.0 0.0 2566.47
21.0 0.0 17.4 1.0 0.0 2585.27
21.0 0.0 22.135 0.0 0.0 2585.85
21.0 0.0 26.4 1.0 0.0 2597.78
25.0 0.0 30.3 0.0 0.0 2632.99
22.0 1.0 28.31 1.0 0.0 2639.04
22.0 1.0 31.35 1.0 0.0 2643.27
26.0 1.0 17.67 0.0 0.0 2680.95
28.0 1.0 38.06 0.0 0.0 2689.5
23.0 0.0 28.12 0.0 0.0 2690.11
26.0 1.0 31.065 0.0 0.0 2699.57
19.0 0.0 24.51 1.0 0.0 2709.11
19.0 0.0 24.605 1.0 0.0 2709.24
19.0 0.0 25.745 1.0 0.0 2710.83
19.0 0.0 31.825 1.0 0.0 2719.28
25.0 1.0 26.22 0.0 0.0 2721.32
25.0 1.0 30.59 0.0 0.0 2727.4
19.0 0.0 39.615 1.0 0.0 2730.11
22.0 0.0 23.18 0.0 0.0 2731.91
22.0 0.0 30.4 0.0 0.0 2741.95
22.0 0.0 39.805 0.0 0.0 2755.02
23.0 1.0 17.385 1.0 0.0 2775.19
23.0 1.0 27.36 1.0 0.0 2789.06
18.0 0.0 32.12 2.0 0.0 2801.26
19.0 1.0 20.615 2.0 0.0 2803.7
24.0 0.0 24.225 0.0 0.0 2842.76
24.0 0.0 29.925 0.0 0.0 2850.68
24.0 0.0 33.345 0.0 0.0 2855.44
29.0 1.0 27.2 0.0 0.0 2866.09
29.0 1.0 27.94 0.0 0.0 2867.12
26.0 1.0 29.45 0.0 0.0 2897.32
23.0 0.0 34.865 0.0 0.0 2899.49
26.0 1.0 29.15 1.0 0.0 2902.91
26.0 1.0 30.0 1.0 0.0 2904.09
19.0 0.0 23.4 2.0 0.0 2913.57
26.0 1.0 46.53 1.0 0.0 2927.06
27.0 0.0 24.1 0.0 0.0 2974.13
25.0 0.0 34.485 0.0 0.0 3021.81
24.0 0.0 25.27 0.0 0.0 3044.21
24.0 0.0 26.6 0.0 0.0 3046.06
20.0 0.0 31.79 2.0 0.0 3056.39
28.0 1.0 30.875 0.0 0.0 3062.51
27.0 1.0 26.03 0.0 0.0 3070.81
21.0 1.0 23.75 2.0 0.0 3077.1
28.0 0.0 25.8 0.0 0.0 3161.45
21.0 0.0 16.815 1.0 0.0 3167.46
28.0 0.0 33.11 0.0 0.0 3171.61
28.0 0.0 33.4 0.0 0.0 3172.02
26.0 0.0 22.23 0.0 0.0 3176.29
26.0 0.0 22.61 0.0 0.0 3176.82
21.0 0.0 21.89 2.0 0.0 3180.51
26.0 0.0 40.185 0.0 0.0 3201.25
25.0 0.0 23.465 0.0 0.0 3206.49
25.0 0.0 20.8 1.0 0.0 3208.79
25.0 0.0 28.595 0.0 0.0 3213.62
25.0 0.0 33.99 1.0 0.0 3227.12
25.0 0.0 42.13 1.0 0.0 3238.44
31.0 1.0 20.4 0.0 0.0 3260.2
28.0 1.0 35.435 0.0 0.0 3268.85
28.0 1.0 37.1 1.0 0.0 3277.16
21.0 1.0 25.745 2.0 0.0 3279.87
26.0 1.0 33.915 1.0 0.0 3292.53
25.0 1.0 25.84 1.0 0.0 3309.79
29.0 0.0 25.9 0.0 0.0 3353.28
27.0 0.0 21.47 0.0 0.0 3353.47
29.0 0.0 35.53 0.0 0.0 3366.67
26.0 0.0 19.8 1.0 0.0 3378.91
26.0 0.0 28.785 0.0 0.0 3385.4
26.0 0.0 29.48 1.0 0.0 3392.37
26.0 0.0 29.92 1.0 0.0 3392.98
18.0 0.0 38.665 2.0 0.0 3393.36
26.0 0.0 42.4 1.0 0.0 3410.32
22.0 1.0 34.8 3.0 0.0 3443.06
29.0 1.0 38.94 1.0 0.0 3471.41
18.0 1.0 30.4 3.0 0.0 3481.87
26.0 1.0 23.7 2.0 0.0 3484.33
26.0 1.0 32.49 1.0 0.0 3490.55
23.0 0.0 39.27 2.0 0.0 3500.61
24.0 1.0 28.5 2.0 0.0 3537.7
30.0 0.0 27.7 0.0 0.0 3554.2
28.0 0.0 34.77 0.0 0.0 3556.92
27.0 0.0 25.175 0.0 0.0 3558.62
27.0 0.0 23.21 1.0 0.0 3561.89
27.0 0.0 34.8 1.0 0.0 3578.0
21.0 0.0 33.63 2.0 0.0 3579.83
23.0 1.0 32.7 3.0 0.0 3591.48
25.0 0.0 22.515 1.0 0.0 3594.17
23.0 1.0 37.1 3.0 0.0 3597.6
30.0 1.0 25.46 0.0 0.0 3645.09
30.0 1.0 31.4 1.0 0.0 3659.35
27.0 1.0 45.9 2.0 0.0 3693.43
33.0 1.0 30.25 0.0 0.0 3704.35
28.0 0.0 17.29 0.0 0.0 3732.63
29.0 0.0 26.03 0.0 0.0 3736.46
31.0 0.0 25.74 0.0 0.0 3756.62
31.0 0.0 26.62 0.0 0.0 3757.84
31.0 0.0 29.1 0.0 0.0 3761.29
28.0 0.0 37.62 1.0 0.0 3766.88
28.0 1.0 23.8 2.0 0.0 3847.67
31.0 1.0 30.875 0.0 0.0 3857.76
21.0 1.0 20.235 3.0 0.0 3861.21
32.0 1.0 28.88 0.0 0.0 3866.86
31.0 1.0 39.49 1.0 0.0 3875.73
26.0 1.0 30.875 2.0 0.0 3877.3
25.0 1.0 26.8 3.0 0.0 3906.13
22.0 0.0 34.58 2.0 0.0 3925.76
34.0 1.0 34.21 0.0 0.0 3935.18
29.0 0.0 31.16 0.0 0.0 3943.6
29.0 0.0 29.59 1.0 0.0 3947.41
27.0 0.0 31.255 1.0 0.0 3956.07
32.0 0.0 28.93 0.0 0.0 3972.92
26.0 0.0 29.92 2.0 0.0 3981.98
26.0 0.0 34.2 2.0 0.0 3987.93
32.0 0.0 41.1 0.0 0.0 3989.84
32.0 0.0 44.22 0.0 0.0 3994.18
22.0 1.0 19.95 3.0 0.0 4005.42
30.0 1.0 24.13 1.0 0.0 4032.24
29.0 1.0 28.975 1.0 0.0 4040.56
29.0 1.0 37.29 2.0 0.0 4058.12
27.0 1.0 33.155 2.0 0.0 4058.71
32.0 1.0 30.03 1.0 0.0 4074.45
32.0 1.0 31.5 1.0 0.0 4076.5
28.0 0.0 25.935 1.0 0.0 4133.64
31.0 0.0 21.755 0.0 0.0 4134.08
30.0 0.0 27.93 0.0 0.0 4137.52
30.0 0.0 32.4 1.0 0.0 4149.74
30.0 0.0 33.33 1.0 0.0 4151.03
33.0 0.0 24.31 0.0 0.0 4185.1
25.0 0.0 26.79 2.0 0.0 4189.11
24.0 0.0 30.1 3.0 0.0 4234.93
30.0 1.0 27.645 1.0 0.0 4237.13
31.0 1.0 25.935 1.0 0.0 4239.89
31.0 1.0 28.595 1.0 0.0 4243.59
27.0 1.0 30.3 3.0 0.0 4260.74
30.0 1.0 44.22 2.0 0.0 4266.17
22.0 0.0 21.28 3.0 0.0 4296.27
34.0 1.0 35.815 0.0 0.0 4320.41
28.0 0.0 28.88 1.0 0.0 4337.74
28.0 0.0 26.51 2.0 0.0 4340.44
31.0 0.0 31.065 0.0 0.0 4347.02
28.0 0.0 33.0 2.0 0.0 4349.46
31.0 0.0 29.26 1.0 0.0 4350.51
32.0 0.0 29.735 0.0 0.0 4357.04
25.0 0.0 24.3 3.0 0.0 4391.65
36.0 1.0 29.7 0.0 0.0 4399.73
36.0 1.0 31.5 0.0 0.0 4402.23
34.0 0.0 27.72 0.0 0.0 4415.16
28.0 1.0 22.515 2.0 0.0 4428.89
29.0 1.0 31.73 2.0 0.0 4433.39
29.0 1.0 32.11 2.0 0.0 4433.92
28.0 1.0 26.98 2.0 0.0 4435.09
28.0 1.0 29.26 2.0 0.0 4438.26
31.0 1.0 26.885 1.0 0.0 4441.21
28.0 1.0 33.0 3.0 0.0 4449.46
32.0 1.0 27.835 1.0 0.0 4454.4
32.0 1.0 33.82 1.0 0.0 4462.72
31.0 1.0 38.39 2.0 0.0 4463.21
23.0 0.0 34.96 3.0 0.0 4466.62
34.0 1.0 21.375 0.0 0.0 4500.34
25.0 1.0 33.66 4.0 0.0 4504.66
34.0 1.0 34.675 0.0 0.0 4518.83
30.0 0.0 28.405 1.0 0.0 4527.18
29.0 0.0 24.6 2.0 0.0 4529.48
34.0 1.0 42.9 1.0 0.0 4536.26
32.0 0.0 20.52 0.0 0.0 4544.23
18.0 0.0 31.35 4.0 0.0 4561.19
32.0 0.0 29.59 1.0 0.0 4562.84
26.0 0.0 29.355 2.0 0.0 4564.19
33.0 0.0 26.695 0.0 0.0 4571.41
24.0 0.0 30.21 3.0 0.0 4618.08
37.0 1.0 30.8 0.0 0.0 4646.76
26.0 1.0 27.265 3.0 0.0 4661.29
32.0 1.0 37.335 1.0 0.0 4667.61
32.0 1.0 35.2 2.0 0.0 4670.64
32.0 1.0 37.18 2.0 0.0 4673.39
32.0 1.0 46.53 2.0 0.0 4686.39
19.0 0.0 28.6 5.0 0.0 4687.8
30.0 0.0 21.945 1.0 0.0 4718.2
30.0 0.0 22.895 1.0 0.0 4719.52
28.0 0.0 23.845 2.0 0.0 4719.74
31.0 0.0 32.68 1.0 0.0 4738.27
35.0 1.0 27.1 1.0 0.0 4746.34
35.0 1.0 27.61 1.0 0.0 4747.05
35.0 1.0 30.5 1.0 0.0 4751.07
30.0 0.0 43.12 2.0 0.0 4753.64
35.0 1.0 38.6 1.0 0.0 4762.33
33.0 0.0 18.5 1.0 0.0 4766.02
33.0 0.0 28.27 1.0 0.0 4779.6
33.0 0.0 39.82 1.0 0.0 4795.66
27.0 1.0 18.905 3.0 0.0 4827.9
20.0 0.0 37.0 5.0 0.0 4830.63
30.0 1.0 31.57 3.0 0.0 4837.58
27.0 1.0 32.585 3.0 0.0 4846.92
25.0 1.0 26.695 4.0 0.0 4877.98
36.0 0.0 26.2 0.0 0.0 4883.87
36.0 0.0 29.92 0.0 0.0 4889.04
33.0 1.0 35.75 2.0 0.0 4890.0
34.0 1.0 25.27 1.0 0.0 4894.75
29.0 0.0 20.235 2.0 0.0 4906.41
20.0 1.0 30.115 5.0 0.0 4915.06
29.0 0.0 32.11 2.0 0.0 4922.92
31.0 0.0 23.6 2.0 0.0 4931.65
31.0 0.0 25.8 2.0 0.0 4934.7
31.0 0.0 36.63 2.0 0.0 4949.76
34.0 0.0 23.56 0.0 0.0 4992.38
34.0 0.0 26.73 1.0 0.0 5002.78
34.0 0.0 27.5 1.0 0.0 5003.85
34.0 0.0 33.7 1.0 0.0 5012.47
37.0 1.0 29.64 0.0 0.0 5028.15
31.0 1.0 27.645 2.0 0.0 5031.27
25.0 1.0 23.9 5.0 0.0 5080.1
35.0 1.0 17.86 1.0 0.0 5116.5
34.0 1.0 42.13 2.0 0.0 5124.19
35.0 1.0 24.13 1.0 0.0 5125.22
29.0 0.0 38.83 3.0 0.0 5138.26
32.0 0.0 31.54 1.0 0.0 5148.55
32.0 0.0 29.8 2.0 0.0 5152.13
29.0 1.0 22.515 3.0 0.0 5209.58
35.0 0.0 26.125 0.0 0.0 5227.99
35.0 0.0 31.0 1.0 0.0 5240.77
35.0 0.0 34.21 1.0 0.0 5245.23
35.0 0.0 34.8 1.0 0.0 5246.05
32.0 1.0 30.8 3.0 0.0 5253.52
33.0 1.0 24.605 2.0 0.0 5257.51
33.0 1.0 27.455 2.0 0.0 5261.47
36.0 0.0 25.84 0.0 0.0 5266.37
36.0 0.0 26.885 0.0 0.0 5267.82
36.0 0.0 30.02 0.0 0.0 5272.18
28.0 0.0 26.315 3.0 0.0 5312.17
30.0 0.0 30.9 3.0 0.0 5325.65
31.0 0.0 32.775 2.0 0.0 5327.4
33.0 0.0 22.135 1.0 0.0 5354.07
36.0 1.0 30.875 1.0 0.0 5373.36
33.0 0.0 32.9 2.0 0.0 5375.04
36.0 1.0 33.82 1.0 0.0 5377.46
38.0 0.0 27.6 0.0 0.0 5383.54
34.0 0.0 26.41 1.0 0.0 5385.34
38.0 0.0 37.73 0.0 0.0 5397.62
38.0 0.0 40.15 0.0 0.0 5400.98
40.0 1.0 25.08 0.0 0.0 5415.66
31.0 1.0 31.065 3.0 0.0 5425.02
30.0 1.0 37.43 3.0 0.0 5428.73
40.0 1.0 41.69 0.0 0.0 5438.75
36.0 0.0 19.855 0.0 0.0 5458.05
36.0 0.0 27.74 0.0 0.0 5469.01
36.0 0.0 25.9 1.0 0.0 5472.45
36.0 0.0 29.92 1.0 0.0 5478.04
38.0 1.0 28.27 1.0 0.0 5484.47
38.0 1.0 31.0 1.0 0.0 5488.26
36.0 1.0 34.43 2.0 0.0 5584.31
34.0 0.0 33.25 1.0 0.0 5594.85
28.0 1.0 24.3 5.0 0.0 5615.37
35.0 0.0 35.815 1.0 0.0 5630.46
39.0 0.0 32.8 0.0 0.0 5649.72
39.0 0.0 41.8 0.0 0.0 5662.22
30.0 0.0 19.95 3.0 0.0 5693.43
41.0 1.0 33.55 0.0 0.0 5699.84
29.0 0.0 25.6 4.0 0.0 5708.87
41.0 1.0 40.26 0.0 0.0 5709.16
35.0 1.0 34.77 2.0 0.0 5729.01
39.0 1.0 42.655 0.0 0.0 5757.41
35.0 0.0 35.86 2.0 0.0 5836.52
35.0 0.0 43.34 2.0 0.0 5846.92
38.0 1.0 19.95 1.0 0.0 5855.9
40.0 0.0 29.6 0.0 0.0 5910.94
40.0 0.0 36.19 0.0 0.0 5920.1
35.0 1.0 28.9 3.0 0.0 5926.85
35.0 1.0 34.32 3.0 0.0 5934.38
42.0 1.0 24.86 0.0 0.0 5966.89
42.0 1.0 26.9 0.0 0.0 5969.72
33.0 0.0 38.9 3.0 0.0 5972.38
38.0 0.0 28.93 1.0 0.0 5974.38
38.0 0.0 30.69 1.0 0.0 5976.83
42.0 1.0 34.1 0.0 0.0 5979.73
34.0 0.0 37.335 2.0 0.0 5989.52
33.0 1.0 29.4 4.0 0.0 6059.17
38.0 1.0 28.025 1.0 0.0 6067.13
38.0 1.0 37.05 1.0 0.0 6079.67
38.0 1.0 34.7 2.0 0.0 6082.4
37.0 0.0 34.105 1.0 0.0 6112.35
31.0 0.0 30.495 3.0 0.0 6113.23
39.0 1.0 21.85 1.0 0.0 6117.49
39.0 1.0 26.22 1.0 0.0 6123.57
32.0 0.0 33.155 3.0 0.0 6128.8
34.0 0.0 29.26 3.0 0.0 6184.3
41.0 0.0 31.02 0.0 0.0 6185.32
41.0 0.0 31.6 0.0 0.0 6186.13
34.0 0.0 38.0 3.0 0.0 6196.45
37.0 1.0 24.32 2.0 0.0 6198.75
37.0 1.0 28.025 2.0 0.0 6203.9
39.0 0.0 32.5 1.0 0.0 6238.3
43.0 1.0 23.2 0.0 0.0 6250.44
41.0 1.0 21.78 1.0 0.0 6272.48
41.0 1.0 28.8 1.0 0.0 6282.24
41.0 1.0 34.21 1.0 0.0 6289.75
37.0 0.0 29.5 2.0 0.0 6311.95
37.0 0.0 30.8 2.0 0.0 6313.76
32.0 0.0 37.145 3.0 0.0 6334.34
39.0 1.0 32.34 2.0 0.0 6338.08
39.0 1.0 45.43 2.0 0.0 6356.27
42.0 1.0 31.255 0.0 0.0 6358.78
33.0 0.0 42.94 3.0 0.0 6360.99
38.0 0.0 40.565 1.0 0.0 6373.56
40.0 1.0 26.315 1.0 0.0 6389.38
40.0 1.0 29.355 1.0 0.0 6393.6
35.0 0.0 23.465 2.0 0.0 6402.29
37.0 1.0 29.83 2.0 0.0 6406.41
35.0 0.0 27.7 3.0 0.0 6414.18
37.0 1.0 46.53 3.0 0.0 6435.62
38.0 1.0 27.835 2.0 0.0 6455.86
38.0 1.0 29.26 2.0 0.0 6457.84
42.0 0.0 37.9 0.0 0.0 6474.01
40.0 0.0 27.4 1.0 0.0 6496.89
40.0 0.0 29.81 1.0 0.0 6500.24
36.0 1.0 28.595 3.0 0.0 6548.2
33.0 0.0 36.29 3.0 0.0 6551.75
38.0 0.0 27.265 1.0 0.0 6555.07
41.0 0.0 32.965 0.0 0.0 6571.02
38.0 0.0 34.8 2.0 0.0 6571.54
40.0 1.0 24.97 2.0 0.0 6593.51
40.0 1.0 34.105 1.0 0.0 6600.21
40.0 1.0 29.9 2.0 0.0 6600.36
40.0 1.0 41.23 1.0 0.0 6610.11
38.0 1.0 16.815 2.0 0.0 6640.54
38.0 1.0 21.12 3.0 0.0 6652.53
33.0 1.0 33.44 5.0 0.0 6653.79
41.0 1.0 28.405 1.0 0.0 6664.69
33.0 1.0 42.4 5.0 0.0 6666.24
37.0 0.0 23.37 2.0 0.0 6686.43
39.0 1.0 24.51 2.0 0.0 6710.19
36.0 1.0 27.55 3.0 0.0 6746.74
36.0 1.0 28.88 3.0 0.0 6748.59
34.0 0.0 19.0 3.0 0.0 6753.04
41.0 0.0 28.05 1.0 0.0 6770.19
41.0 0.0 32.2 1.0 0.0 6775.96
41.0 0.0 36.08 1.0 0.0 6781.35
37.0 1.0 30.875 3.0 0.0 6796.86
31.0 1.0 28.5 5.0 0.0 6799.46
43.0 1.0 26.03 0.0 0.0 6837.37
43.0 1.0 30.1 1.0 0.0 6849.03
41.0 1.0 23.94 1.0 0.0 6858.48
41.0 1.0 32.2 2.0 0.0 6875.96
37.0 0.0 17.29 2.0 0.0 6877.98
38.0 0.0 19.475 2.0 0.0 6933.24
42.0 1.0 26.315 1.0 0.0 6940.91
44.0 1.0 39.52 0.0 0.0 6948.7
37.0 1.0 22.705 3.0 0.0 6985.51
40.0 1.0 32.3 2.0 0.0 6986.7
42.0 0.0 25.3 1.0 0.0 7045.5
42.0 0.0 26.18 1.0 0.0 7046.72
42.0 0.0 32.87 0.0 0.0 7050.02
42.0 0.0 29.0 1.0 0.0 7050.64
40.0 0.0 25.46 1.0 0.0 7077.19
38.0 0.0 19.95 2.0 0.0 7133.9
38.0 0.0 27.835 2.0 0.0 7144.86
46.0 1.0 22.3 0.0 0.0 7147.1
44.0 1.0 34.32 1.0 0.0 7147.47
38.0 0.0 28.0 3.0 0.0 7151.09
44.0 1.0 38.06 1.0 0.0 7152.67
41.0 0.0 28.31 1.0 0.0 7153.55
42.0 1.0 35.8 2.0 0.0 7160.09
42.0 1.0 35.97 2.0 0.0 7160.33
42.0 1.0 37.18 2.0 0.0 7162.01
40.0 1.0 22.705 2.0 0.0 7173.36
40.0 1.0 35.3 3.0 0.0 7196.87
39.0 0.0 26.315 2.0 0.0 7201.7
39.0 0.0 31.92 2.0 0.0 7209.49
45.0 1.0 21.375 0.0 0.0 7222.79
36.0 0.0 22.135 3.0 0.0 7228.22
36.0 0.0 29.04 4.0 0.0 7243.81
41.0 1.0 30.59 2.0 0.0 7256.72
41.0 1.0 34.2 2.0 0.0 7261.74
41.0 1.0 37.05 2.0 0.0 7265.7
37.0 0.0 27.74 3.0 0.0 7281.51
18.0 0.0 29.165 0.0 0.0 7323.73
43.0 0.0 25.08 0.0 0.0 7325.05
43.0 0.0 29.9 1.0 0.0 7337.75
45.0 0.0 33.1 0.0 0.0 7345.08
43.0 0.0 35.64 1.0 0.0 7345.73
45.0 0.0 35.3 0.0 0.0 7348.14
41.0 0.0 31.635 1.0 0.0 7358.18
41.0 0.0 37.1 2.0 0.0 7371.77
39.0 0.0 34.1 3.0 0.0 7418.52
44.0 0.0 26.41 0.0 0.0 7419.48
44.0 0.0 27.645 0.0 0.0 7421.19
45.0 1.0 30.2 1.0 0.0 7441.05
43.0 1.0 32.6 2.0 0.0 7441.5
42.0 0.0 36.195 1.0 0.0 7443.64
45.0 1.0 33.7 1.0 0.0 7445.92
45.0 1.0 39.805 0.0 0.0 7448.4
39.0 1.0 29.6 4.0 0.0 7512.27
44.0 1.0 25.365 1.0 0.0 7518.03
46.0 1.0 19.855 0.0 0.0 7526.71
38.0 0.0 30.21 3.0 0.0 7537.16
44.0 0.0 25.0 1.0 0.0 7623.52
44.0 0.0 25.8 1.0 0.0 7624.63
44.0 0.0 27.5 1.0 0.0 7626.99
44.0 0.0 32.34 1.0 0.0 7633.72
42.0 0.0 33.155 1.0 0.0 7639.42
42.0 0.0 29.48 2.0 0.0 7640.31
42.0 0.0 41.325 1.0 0.0 7650.77
40.0 0.0 33.0 3.0 0.0 7682.67
44.0 1.0 27.4 2.0 0.0 7726.85
43.0 0.0 34.58 1.0 0.0 7727.25
42.0 1.0 26.125 2.0 0.0 7729.65
44.0 1.0 30.69 2.0 0.0 7731.43
45.0 0.0 35.815 0.0 0.0 7731.86
44.0 1.0 37.1 2.0 0.0 7740.34
46.0 1.0 26.62 1.0 0.0 7742.11
41.0 0.0 33.06 2.0 0.0 7749.16
48.0 1.0 29.7 0.0 0.0 7789.64
48.0 1.0 40.15 0.0 0.0 7804.16
45.0 0.0 38.285 0.0 0.0 7935.29
41.0 0.0 32.6 3.0 0.0 7954.52
39.0 0.0 22.8 3.0 0.0 7985.82
39.0 0.0 23.275 3.0 0.0 7986.48
42.0 0.0 24.985 2.0 0.0 8017.06
44.0 0.0 36.955 1.0 0.0 8023.14
46.0 0.0 27.74 0.0 0.0 8026.67
45.0 1.0 28.7 2.0 0.0 8027.97
40.0 0.0 28.69 3.0 0.0 8059.68
47.0 1.0 32.3 1.0 0.0 8062.76
47.0 1.0 36.2 1.0 0.0 8068.18
47.0 1.0 47.52 1.0 0.0 8083.92
44.0 1.0 32.015 2.0 0.0 8116.27
49.0 1.0 30.3 0.0 0.0 8116.68
49.0 1.0 35.86 0.0 0.0 8124.41
49.0 1.0 36.85 0.0 0.0 8125.78
40.0 1.0 30.875 4.0 0.0 8162.72
44.0 0.0 23.98 2.0 0.0 8211.1
44.0 0.0 29.81 2.0 0.0 8219.2
46.0 0.0 27.72 1.0 0.0 8232.64
46.0 0.0 28.05 1.0 0.0 8233.1
46.0 0.0 33.44 1.0 0.0 8240.59
40.0 0.0 23.37 3.0 0.0 8252.28
48.0 0.0 22.8 0.0 0.0 8269.04
48.0 0.0 28.9 0.0 0.0 8277.52
48.0 0.0 31.13 0.0 0.0 8280.62
48.0 0.0 33.33 0.0 0.0 8283.68
44.0 1.0 22.135 2.0 0.0 8302.54
43.0 0.0 30.685 2.0 0.0 8310.84
46.0 1.0 33.345 1.0 0.0 8334.46
46.0 1.0 33.44 1.0 0.0 8334.59
46.0 1.0 39.425 1.0 0.0 8342.91
46.0 1.0 38.17 2.0 0.0 8347.16
43.0 1.0 30.115 3.0 0.0 8410.05
45.0 1.0 30.495 2.0 0.0 8413.46
47.0 1.0 19.57 1.0 0.0 8428.07
50.0 1.0 25.3 0.0 0.0 8442.67
50.0 1.0 26.6 0.0 0.0 8444.47
50.0 1.0 36.2 0.0 0.0 8457.82
45.0 0.0 27.83 2.0 0.0 8515.76
45.0 0.0 28.6 2.0 0.0 8516.83
45.0 0.0 30.9 2.0 0.0 8520.03
43.0 0.0 34.4 3.0 0.0 8522.0
45.0 0.0 36.3 2.0 0.0 8527.53
47.0 0.0 24.32 0.0 0.0 8534.67
41.0 0.0 33.155 3.0 0.0 8538.29
47.0 0.0 23.6 1.0 0.0 8539.67
47.0 0.0 29.37 1.0 0.0 8547.69
47.0 0.0 32.0 1.0 0.0 8551.35
47.0 0.0 36.0 1.0 0.0 8556.91
47.0 0.0 45.32 1.0 0.0 8569.86
39.0 0.0 23.87 5.0 0.0 8582.3
39.0 0.0 34.32 5.0 0.0 8596.83
49.0 0.0 27.17 0.0 0.0 8601.33
45.0 1.0 23.56 2.0 0.0 8603.82
45.0 1.0 24.035 2.0 0.0 8604.48
45.0 1.0 20.35 3.0 0.0 8605.36
43.0 1.0 27.36 3.0 0.0 8606.22
45.0 1.0 27.5 3.0 0.0 8615.3
47.0 1.0 19.19 1.0 0.0 8627.54
48.0 0.0 36.575 0.0 0.0 8671.19
49.0 1.0 22.515 0.0 0.0 8688.86
49.0 1.0 28.7 1.0 0.0 8703.46
46.0 1.0 40.375 2.0 0.0 8733.23
48.0 1.0 32.3 1.0 0.0 8765.25
51.0 1.0 25.4 0.0 0.0 8782.47
51.0 1.0 37.0 0.0 0.0 8798.59
46.0 0.0 28.9 2.0 0.0 8823.28
46.0 0.0 33.725 1.0 0.0 8823.99
46.0 0.0 30.2 2.0 0.0 8825.09
50.0 1.0 26.41 0.0 0.0 8827.21
50.0 1.0 32.205 0.0 0.0 8835.26
48.0 0.0 32.23 1.0 0.0 8871.15
44.0 1.0 21.85 3.0 0.0 8891.14
47.0 0.0 29.545 1.0 0.0 8930.93
50.0 0.0 25.6 0.0 0.0 8932.08
46.0 1.0 43.89 3.0 0.0 8944.12
48.0 1.0 31.445 1.0 0.0 8964.06
39.0 0.0 24.225 5.0 0.0 8965.8
48.0 1.0 30.2 2.0 0.0 8968.33
48.0 1.0 37.29 2.0 0.0 8978.19
49.0 0.0 29.925 0.0 0.0 8988.16
50.0 1.0 37.07 1.0 0.0 9048.03
50.0 1.0 44.77 1.0 0.0 9058.73
45.0 0.0 25.175 2.0 0.0 9095.07
45.0 0.0 25.7 3.0 0.0 9101.8
52.0 1.0 34.1 0.0 0.0 9140.95
52.0 1.0 36.7 0.0 0.0 9144.56
51.0 1.0 31.635 0.0 0.0 9174.14
49.0 0.0 21.3 1.0 0.0 9182.17
46.0 0.0 19.95 2.0 0.0 9193.84
41.0 1.0 29.64 5.0 0.0 9222.4
47.0 1.0 25.46 2.0 0.0 9225.26
48.0 0.0 28.88 1.0 0.0 9249.5
51.0 0.0 20.6 0.0 0.0 9264.8
49.0 1.0 25.84 1.0 0.0 9282.48
51.0 0.0 34.1 0.0 0.0 9283.56
49.0 1.0 29.83 1.0 0.0 9288.03
49.0 1.0 31.35 1.0 0.0 9290.14
46.0 1.0 25.745 3.0 0.0 9301.89
49.0 1.0 37.51 2.0 0.0 9304.7
51.0 1.0 22.42 0.0 0.0 9361.33
51.0 1.0 30.03 1.0 0.0 9377.9
51.0 1.0 35.97 1.0 0.0 9386.16
51.0 1.0 39.7 1.0 0.0 9391.35
46.0 0.0 32.3 2.0 0.0 9411.0
46.0 0.0 30.8 3.0 0.0 9414.92
46.0 0.0 48.07 2.0 0.0 9432.93
48.0 0.0 27.265 1.0 0.0 9447.25
48.0 0.0 27.36 1.0 0.0 9447.38
53.0 1.0 29.48 0.0 0.0 9487.64
46.0 1.0 24.795 3.0 0.0 9500.57
53.0 1.0 41.47 0.0 0.0 9504.31
50.0 0.0 44.745 0.0 0.0 9541.7
50.0 0.0 46.09 1.0 0.0 9549.57
48.0 1.0 34.3 3.0 0.0 9563.03
49.0 0.0 22.61 1.0 0.0 9566.99
49.0 0.0 34.77 1.0 0.0 9583.89
50.0 1.0 27.455 1.0 0.0 9617.66
47.0 1.0 29.83 3.0 0.0 9620.33
52.0 0.0 31.2 0.0 0.0 9625.92
50.0 1.0 32.3 2.0 0.0 9630.4
52.0 0.0 37.4 0.0 0.0 9634.54
51.0 0.0 18.05 0.0 0.0 9644.25
45.0 0.0 39.995 3.0 0.0 9704.67
47.0 0.0 26.6 2.0 0.0 9715.84
52.0 1.0 33.25 0.0 0.0 9722.77
52.0 1.0 30.2 1.0 0.0 9724.53
52.0 1.0 47.74 1.0 0.0 9748.91
49.0 0.0 30.78 1.0 0.0 9778.35
45.0 1.0 24.31 5.0 0.0 9788.87
49.0 0.0 42.68 2.0 0.0 9800.89
54.0 1.0 31.6 0.0 0.0 9850.43
51.0 0.0 21.56 1.0 0.0 9855.13
51.0 0.0 25.8 1.0 0.0 9861.02
53.0 1.0 24.32 0.0 0.0 9863.47
51.0 0.0 33.915 0.0 0.0 9866.3
53.0 1.0 28.88 0.0 0.0 9869.81
51.0 0.0 34.2 1.0 0.0 9872.7
51.0 0.0 40.66 0.0 0.0 9875.68
51.0 0.0 37.73 1.0 0.0 9877.61
51.0 0.0 39.5 1.0 0.0 9880.07
50.0 0.0 30.115 1.0 0.0 9910.36
51.0 1.0 27.74 1.0 0.0 9957.72
51.0 1.0 32.3 1.0 0.0 9964.06
52.0 0.0 18.335 0.0 0.0 9991.04
48.0 0.0 32.3 2.0 0.0 10043.25
53.0 1.0 21.4 1.0 0.0 10065.41
53.0 1.0 30.495 0.0 0.0 10072.06
53.0 1.0 36.1 1.0 0.0 10085.85
46.0 1.0 25.8 5.0 0.0 10096.97
50.0 0.0 27.075 1.0 0.0 10106.13
50.0 0.0 23.54 2.0 0.0 10107.22
47.0 0.0 33.915 3.0 0.0 10115.01
50.0 0.0 31.6 2.0 0.0 10118.42
48.0 1.0 30.78 3.0 0.0 10141.14
49.0 0.0 23.18 2.0 0.0 10156.78
52.0 0.0 23.18 0.0 0.0 10197.77
55.0 1.0 29.9 0.0 0.0 10214.64
55.0 1.0 38.28 0.0 0.0 10226.28
54.0 1.0 30.21 0.0 0.0 10231.5
49.0 1.0 28.69 3.0 0.0 10264.44
49.0 1.0 32.3 3.0 0.0 10269.46
52.0 1.0 38.6 2.0 0.0 10325.21
54.0 0.0 31.24 0.0 0.0 10338.93
53.0 0.0 26.6 0.0 0.0 10355.64
49.0 0.0 33.345 2.0 0.0 10370.91
49.0 0.0 36.63 3.0 0.0 10381.48
47.0 1.0 28.215 4.0 0.0 10407.09
54.0 1.0 24.035 0.0 0.0 10422.92
54.0 1.0 32.775 0.0 0.0 10435.07
54.0 1.0 29.2 1.0 0.0 10436.1
54.0 1.0 39.6 1.0 0.0 10450.55
53.0 1.0 31.16 1.0 0.0 10461.98
50.0 0.0 26.22 2.0 0.0 10493.95
51.0 1.0 33.33 3.0 0.0 10560.49
53.0 0.0 33.25 0.0 0.0 10564.88
56.0 1.0 22.1 0.0 0.0 10577.09
53.0 0.0 39.6 1.0 0.0 10579.71
56.0 1.0 34.43 0.0 0.0 10594.23
55.0 1.0 27.645 0.0 0.0 10594.5
50.0 1.0 30.97 3.0 0.0 10600.55
56.0 1.0 39.6 0.0 0.0 10601.41
55.0 1.0 32.775 0.0 0.0 10601.63
56.0 1.0 40.3 0.0 0.0 10602.38
50.0 0.0 28.16 3.0 0.0 10702.64
55.0 0.0 30.5 0.0 0.0 10704.47
55.0 0.0 37.1 0.0 0.0 10713.64
48.0 1.0 35.625 4.0 0.0 10736.87
55.0 1.0 21.5 1.0 0.0 10791.96
23.0 0.0 33.4 0.0 0.0 10795.94
55.0 1.0 28.975 0.0 0.0 10796.35
52.0 0.0 30.78 1.0 0.0 10797.34
52.0 0.0 33.3 2.0 0.0 10806.84
55.0 1.0 32.67 1.0 0.0 10807.49
54.0 1.0 33.63 1.0 0.0 10825.25
51.0 0.0 36.67 2.0 0.0 10848.13
54.0 0.0 32.68 0.0 0.0 10923.93
54.0 0.0 31.9 1.0 0.0 10928.85
53.0 0.0 24.795 1.0 0.0 10942.13
57.0 1.0 23.7 0.0 0.0 10959.33
53.0 0.0 37.43 1.0 0.0 10959.69
57.0 1.0 28.1 0.0 0.0 10965.45
56.0 1.0 33.725 0.0 0.0 10976.25
49.0 0.0 41.47 4.0 0.0 10977.21
57.0 1.0 40.37 0.0 0.0 10982.5
54.0 1.0 21.01 2.0 0.0 11013.71
48.0 0.0 27.93 4.0 0.0 11015.17
48.0 0.0 41.23 4.0 0.0 11033.66
56.0 0.0 25.3 0.0 0.0 11070.54
56.0 0.0 27.2 0.0 0.0 11073.18
55.0 0.0 26.98 0.0 0.0 11082.58
50.0 0.0 28.12 3.0 0.0 11085.59
56.0 0.0 39.82 0.0 0.0 11090.72
56.0 0.0 41.91 0.0 0.0 11093.62
53.0 0.0 26.7 2.0 0.0 11150.78
53.0 0.0 35.9 2.0 0.0 11163.57
56.0 1.0 25.935 0.0 0.0 11165.42
52.0 0.0 31.73 2.0 0.0 11187.66
53.0 1.0 26.41 2.0 0.0 11244.38
53.0 1.0 28.6 3.0 0.0 11253.42
53.0 1.0 36.6 3.0 0.0 11264.54
18.0 1.0 28.31 1.0 0.0 11272.33
55.0 0.0 29.83 0.0 0.0 11286.54
52.0 1.0 32.775 3.0 0.0 11289.11
50.0 0.0 33.7 4.0 0.0 11299.34
54.0 0.0 27.645 1.0 0.0 11305.93
33.0 1.0 42.46 1.0 0.0 11326.71
58.0 1.0 23.3 0.0 0.0 11345.52
57.0 1.0 31.54 0.0 0.0 11353.23
57.0 1.0 34.01 0.0 0.0 11356.66
58.0 1.0 35.7 0.0 0.0 11362.76
58.0 1.0 36.08 0.0 0.0 11363.28
58.0 1.0 38.0 0.0 0.0 11365.95
58.0 1.0 49.06 0.0 0.0 11381.33
55.0 1.0 35.245 1.0 0.0 11394.07
52.0 0.0 38.38 2.0 0.0 11396.9
52.0 0.0 44.7 3.0 0.0 11411.68
51.0 0.0 36.385 3.0 0.0 11436.74
56.0 0.0 25.65 0.0 0.0 11454.02
57.0 0.0 28.7 0.0 0.0 11455.28
18.0 0.0 33.88 0.0 0.0 11482.63
52.0 1.0 32.205 3.0 0.0 11488.32
54.0 0.0 32.3 1.0 0.0 11512.4
51.0 1.0 24.415 4.0 0.0 11520.1
57.0 1.0 18.335 0.0 0.0 11534.87
54.0 0.0 46.7 2.0 0.0 11538.42
49.0 0.0 31.9 5.0 0.0 11552.9
57.0 1.0 27.94 1.0 0.0 11554.22
57.0 1.0 40.945 0.0 0.0 11566.3
57.0 1.0 43.7 1.0 0.0 11576.13
56.0 0.0 28.31 0.0 0.0 11657.72
56.0 0.0 28.595 0.0 0.0 11658.12
56.0 0.0 28.785 0.0 0.0 11658.38
56.0 0.0 35.8 1.0 0.0 11674.13
53.0 0.0 23.75 2.0 0.0 11729.68
58.0 1.0 28.595 0.0 0.0 11735.88
34.0 1.0 27.0 2.0 0.0 11737.85
53.0 0.0 28.1 3.0 0.0 11741.73
59.0 1.0 26.4 0.0 0.0 11743.3
58.0 1.0 34.39 0.0 0.0 11743.93
56.0 1.0 32.11 1.0 0.0 11763.0
57.0 0.0 23.18 0.0 0.0 11830.61
58.0 0.0 22.77 0.0 0.0 11833.78
58.0 0.0 25.2 0.0 0.0 11837.16
57.0 0.0 30.495 0.0 0.0 11840.78
58.0 0.0 29.0 0.0 0.0 11842.44
57.0 0.0 31.825 0.0 0.0 11842.62
58.0 0.0 33.1 0.0 0.0 11848.14
58.0 0.0 39.05 0.0 0.0 11856.41
55.0 0.0 32.395 1.0 0.0 11879.1
55.0 0.0 29.7 2.0 0.0 11881.36
55.0 0.0 30.14 2.0 0.0 11881.97
18.0 1.0 21.78 2.0 0.0 11884.05
58.0 1.0 25.175 0.0 0.0 11931.13
58.0 1.0 30.305 0.0 0.0 11938.26
58.0 1.0 34.865 0.0 0.0 11944.59
57.0 1.0 33.63 1.0 0.0 11945.13
58.0 1.0 32.01 1.0 0.0 11946.63
55.0 1.0 33.88 3.0 0.0 11987.17
57.0 0.0 22.23 0.0 0.0 12029.29
57.0 0.0 20.1 1.0 0.0 12032.33
56.0 0.0 26.6 1.0 0.0 12044.34
54.0 0.0 23.0 3.0 0.0 12094.48
54.0 0.0 28.88 2.0 0.0 12096.65
54.0 0.0 30.8 3.0 0.0 12105.32
59.0 1.0 25.46 0.0 0.0 12124.99
59.0 1.0 28.785 0.0 0.0 12129.61
60.0 1.0 25.74 0.0 0.0 12142.58
60.0 1.0 28.9 0.0 0.0 12146.97
58.0 0.0 27.17 0.0 0.0 12222.9
58.0 0.0 28.215 0.0 0.0 12224.35
58.0 0.0 33.44 0.0 0.0 12231.61
59.0 0.0 27.5 0.0 0.0 12233.83
58.0 0.0 36.48 0.0 0.0 12235.84
59.0 0.0 35.2 0.0 0.0 12244.53
56.0 0.0 37.51 2.0 0.0 12265.51
55.0 0.0 32.775 2.0 0.0 12268.63
55.0 0.0 33.535 2.0 0.0 12269.69
59.0 1.0 24.7 0.0 0.0 12323.94
59.0 1.0 27.5 1.0 0.0 12333.83
59.0 1.0 37.1 1.0 0.0 12347.17
56.0 1.0 36.1 3.0 0.0 12363.55
33.0 1.0 35.245 0.0 0.0 12404.88
58.0 0.0 32.965 0.0 0.0 12430.95
54.0 0.0 21.47 3.0 0.0 12475.35
54.0 0.0 24.605 3.0 0.0 12479.71
55.0 0.0 40.81 3.0 0.0 12485.8
54.0 0.0 35.815 3.0 0.0 12495.29
60.0 1.0 24.32 0.0 0.0 12523.6
61.0 1.0 31.57 0.0 0.0 12557.61
61.0 1.0 43.4 0.0 0.0 12574.05
52.0 0.0 46.75 5.0 0.0 12592.53
24.0 1.0 26.79 1.0 0.0 12609.89
59.0 0.0 31.35 0.0 0.0 12622.18
57.0 0.0 25.74 2.0 0.0 12629.17
60.0 0.0 24.53 0.0 0.0 12629.9
60.0 0.0 30.5 0.0 0.0 12638.2
56.0 0.0 33.82 2.0 0.0 12643.38
60.0 0.0 35.1 0.0 0.0 12644.59
57.0 0.0 38.0 2.0 0.0 12646.21
60.0 0.0 38.06 0.0 0.0 12648.7
60.0 1.0 29.64 0.0 0.0 12731.0
60.0 1.0 36.955 0.0 0.0 12741.17
44.0 0.0 36.48 0.0 0.0 12797.21
59.0 0.0 26.505 0.0 0.0 12815.44
18.0 1.0 17.29 2.0 1.0 12829.46
18.0 1.0 39.14 0.0 0.0 12890.06
59.0 1.0 25.46 1.0 0.0 12913.99
59.0 1.0 29.7 2.0 0.0 12925.89
59.0 1.0 31.79 2.0 0.0 12928.79
56.0 1.0 33.66 4.0 0.0 12949.16
61.0 1.0 38.38 0.0 0.0 12950.07
62.0 1.0 21.4 0.0 0.0 12957.12
62.0 1.0 37.4 0.0 0.0 12979.36
62.0 1.0 38.83 0.0 0.0 12981.35
62.0 1.0 39.93 0.0 0.0 12982.87
60.0 0.0 24.035 0.0 0.0 13012.21
58.0 0.0 32.395 1.0 0.0 13019.16
61.0 0.0 28.2 0.0 0.0 13041.92
55.0 0.0 25.365 3.0 0.0 13047.33
61.0 0.0 44.0 0.0 0.0 13063.88
60.0 1.0 24.32 1.0 0.0 13112.6
23.0 0.0 28.0 0.0 0.0 13126.68
61.0 1.0 23.655 0.0 0.0 13129.6
61.0 1.0 33.535 0.0 0.0 13143.34
61.0 1.0 33.915 0.0 0.0 13143.86
60.0 0.0 18.335 0.0 0.0 13204.29
60.0 0.0 27.55 0.0 0.0 13217.09
57.0 0.0 34.295 2.0 0.0 13224.06
60.0 0.0 28.7 1.0 0.0 13224.69
60.0 0.0 36.005 0.0 0.0 13228.85
62.0 1.0 30.02 0.0 0.0 13352.1
63.0 1.0 30.8 0.0 0.0 13390.56
63.0 1.0 33.1 0.0 0.0 13393.76
63.0 1.0 41.47 0.0 0.0 13405.39
61.0 0.0 21.09 0.0 0.0 13415.04
61.0 0.0 31.16 0.0 0.0 13429.04
56.0 0.0 32.3 3.0 0.0 13430.26
62.0 0.0 25.0 0.0 0.0 13451.12
62.0 0.0 29.92 0.0 0.0 13457.96
62.0 0.0 33.2 0.0 0.0 13462.52
62.0 0.0 39.16 0.0 0.0 13470.8
62.0 0.0 39.2 0.0 0.0 13470.86
62.0 1.0 32.11 0.0 0.0 13555.0
58.0 0.0 31.825 2.0 0.0 13607.37
61.0 0.0 22.04 0.0 0.0 13616.36
61.0 0.0 35.91 0.0 0.0 13635.64
41.0 0.0 21.755 1.0 0.0 13725.47
18.0 1.0 21.565 0.0 1.0 13747.87
63.0 1.0 28.31 0.0 0.0 13770.1
64.0 1.0 34.5 0.0 0.0 13822.8
64.0 1.0 40.48 0.0 0.0 13831.12
19.0 0.0 21.7 0.0 1.0 13844.51
62.0 0.0 32.68 0.0 0.0 13844.8
63.0 0.0 31.8 0.0 0.0 13880.95
63.0 0.0 36.3 0.0 0.0 13887.2
63.0 0.0 36.85 0.0 0.0 13887.97
60.0 1.0 33.11 3.0 0.0 13919.82
62.0 1.0 27.55 1.0 0.0 13937.67
63.0 1.0 31.445 0.0 0.0 13974.46
63.0 1.0 36.765 0.0 0.0 13981.85
59.0 0.0 27.72 3.0 0.0 14001.13
59.0 0.0 27.83 3.0 0.0 14001.29
59.0 0.0 32.1 3.0 0.0 14007.22
62.0 0.0 31.73 0.0 0.0 14043.48
61.0 1.0 32.3 2.0 0.0 14119.62
18.0 0.0 38.28 0.0 0.0 14133.04
64.0 1.0 37.905 0.0 0.0 14210.54
61.0 0.0 39.1 2.0 0.0 14235.07
63.0 0.0 25.08 0.0 0.0 14254.61
63.0 0.0 26.22 0.0 0.0 14256.19
18.0 0.0 21.66 0.0 1.0 14283.46
64.0 0.0 35.97 0.0 0.0 14313.85
64.0 0.0 39.7 0.0 0.0 14319.03
63.0 1.0 21.66 1.0 0.0 14349.85
34.0 1.0 32.8 1.0 0.0 14358.36
59.0 0.0 26.695 3.0 0.0 14382.71
57.0 0.0 28.785 4.0 0.0 14394.4
64.0 1.0 26.41 0.0 0.0 14394.56
64.0 1.0 38.19 0.0 0.0 14410.93
64.0 1.0 39.16 1.0 0.0 14418.28
23.0 0.0 23.18 2.0 0.0 14426.07
63.0 0.0 21.66 0.0 0.0 14449.85
63.0 0.0 23.085 0.0 0.0 14451.84
26.0 0.0 17.195 2.0 1.0 14455.64
63.0 0.0 35.2 1.0 0.0 14474.68
43.0 1.0 25.52 5.0 0.0 14478.33
24.0 0.0 20.52 0.0 1.0 14571.89
59.0 0.0 32.395 3.0 0.0 14590.63
64.0 0.0 32.965 0.0 0.0 14692.67
20.0 0.0 22.42 0.0 1.0 14711.74
64.0 0.0 39.33 0.0 0.0 14901.52
64.0 1.0 25.6 2.0 0.0 14988.43
27.0 0.0 17.955 2.0 1.0 15006.58
62.0 0.0 30.495 2.0 0.0 15019.76
63.0 1.0 33.66 3.0 0.0 15161.53
63.0 1.0 39.8 3.0 0.0 15170.07
62.0 0.0 38.095 2.0 0.0 15230.32
21.0 0.0 21.85 1.0 1.0 15359.1
18.0 1.0 25.175 0.0 1.0 15518.18
63.0 1.0 41.325 3.0 0.0 15555.19
62.0 0.0 32.965 3.0 0.0 15612.19
25.0 1.0 24.13 0.0 1.0 15817.99
38.0 1.0 19.3 0.0 1.0 15820.7
40.0 0.0 29.3 4.0 0.0 15828.82
64.0 0.0 31.825 2.0 0.0 16069.08
64.0 0.0 39.05 3.0 0.0 16085.13
29.0 0.0 21.85 0.0 1.0 16115.3
29.0 1.0 22.895 0.0 1.0 16138.76
20.0 1.0 27.3 0.0 1.0 16232.85
19.0 1.0 27.7 0.0 1.0 16297.85
27.0 0.0 20.045 3.0 1.0 16420.49
19.0 1.0 26.03 1.0 1.0 16450.89
64.0 0.0 30.115 3.0 0.0 16455.71
27.0 0.0 24.75 0.0 1.0 16577.78
21.0 1.0 31.02 0.0 0.0 16586.5
29.0 0.0 21.755 1.0 1.0 16657.72
33.0 0.0 19.095 2.0 1.0 16776.3
27.0 0.0 30.59 1.0 0.0 16796.41
19.0 0.0 27.9 0.0 1.0 16884.92
26.0 1.0 27.06 0.0 1.0 17043.34
19.0 0.0 28.3 0.0 1.0 17081.08
20.0 0.0 26.84 1.0 1.0 17085.27
24.0 1.0 33.63 4.0 0.0 17128.43
18.0 1.0 27.36 1.0 1.0 17178.68
40.0 1.0 19.8 1.0 1.0 17179.52
19.0 1.0 29.07 0.0 1.0 17352.68
30.0 1.0 22.99 2.0 1.0 17361.77
19.0 0.0 28.31 0.0 1.0 17468.98
32.0 0.0 24.6 0.0 1.0 17496.31
20.0 1.0 28.025 1.0 1.0 17560.38
32.0 0.0 23.65 1.0 0.0 17626.24
28.0 1.0 23.98 3.0 1.0 17663.14
19.0 0.0 28.88 0.0 1.0 17748.51
25.0 0.0 41.325 0.0 0.0 17878.9
33.0 1.0 24.795 0.0 1.0 17904.53
45.0 0.0 31.79 0.0 0.0 17929.3
21.0 1.0 25.7 4.0 1.0 17942.11
23.0 0.0 28.31 0.0 1.0 18033.97
29.0 1.0 29.735 2.0 0.0 18157.88
25.0 0.0 32.23 1.0 0.0 18218.16
18.0 0.0 27.28 3.0 1.0 18223.45
27.0 1.0 29.15 0.0 1.0 18246.5
30.0 1.0 24.4 3.0 1.0 18259.22
27.0 1.0 28.5 0.0 1.0 18310.74
23.0 0.0 28.49 1.0 1.0 18328.24
36.0 0.0 22.6 2.0 1.0 18608.26
24.0 1.0 29.83 0.0 1.0 18648.42
30.0 0.0 23.655 3.0 1.0 18765.88
43.0 1.0 20.13 2.0 1.0 18767.74
27.0 0.0 30.4 3.0 0.0 18804.75
43.0 1.0 35.31 2.0 0.0 18806.15
19.0 0.0 27.93 3.0 0.0 18838.7
27.0 0.0 32.395 1.0 0.0 18903.49
24.0 0.0 27.6 0.0 0.0 18955.22
30.0 1.0 38.83 1.0 0.0 18963.17
34.0 1.0 25.3 2.0 1.0 18972.5
39.0 0.0 18.3 5.0 1.0 19023.26
33.0 1.0 27.1 1.0 1.0 19040.88
29.0 0.0 27.94 1.0 1.0 19107.78
43.0 0.0 35.72 2.0 0.0 19144.58
31.0 1.0 25.9 3.0 1.0 19199.94
37.0 1.0 36.19 0.0 0.0 19214.71
31.0 1.0 29.81 0.0 1.0 19350.37
35.0 1.0 24.42 3.0 1.0 19362.0
29.0 1.0 33.345 2.0 0.0 19442.35
40.0 0.0 22.22 2.0 1.0 19444.27
35.0 1.0 39.71 4.0 0.0 19496.72
42.0 1.0 24.64 0.0 1.0 19515.54
30.0 0.0 28.38 1.0 1.0 19521.97
37.0 0.0 26.4 0.0 1.0 19539.24
44.0 0.0 20.235 1.0 1.0 19594.81
28.0 1.0 33.82 0.0 0.0 19673.34
32.0 1.0 28.93 1.0 1.0 19719.69
50.0 0.0 27.83 3.0 0.0 19749.38
43.0 0.0 20.045 2.0 1.0 19798.05
25.0 1.0 29.7 3.0 1.0 19933.46
42.0 0.0 23.37 0.0 1.0 19964.75
34.0 1.0 27.835 1.0 1.0 20009.63
39.0 1.0 26.41 0.0 1.0 20149.32
20.0 0.0 21.8 0.0 1.0 20167.34
28.0 0.0 27.5 2.0 0.0 20177.67
35.0 0.0 28.025 0.0 1.0 20234.85
29.0 1.0 29.64 1.0 0.0 20277.81
37.0 0.0 25.555 1.0 1.0 20296.86
37.0 1.0 29.8 0.0 0.0 20420.6
53.0 0.0 38.06 3.0 0.0 20463.0
55.0 1.0 37.3 0.0 0.0 20630.28
57.0 1.0 40.28 0.0 0.0 20709.02
30.0 1.0 28.69 3.0 1.0 20745.99
36.0 1.0 28.025 1.0 1.0 20773.63
55.0 1.0 33.0 0.0 0.0 20781.49
47.0 0.0 33.345 0.0 0.0 20878.78
35.0 1.0 27.74 2.0 1.0 20984.09
39.0 1.0 28.3 1.0 1.0 21082.16
45.0 1.0 22.895 2.0 1.0 21098.55
53.0 1.0 20.9 0.0 1.0 21195.82
48.0 1.0 24.42 0.0 1.0 21223.68
48.0 1.0 29.6 0.0 0.0 21232.18
42.0 1.0 24.605 2.0 1.0 21259.38
18.0 0.0 30.115 0.0 0.0 21344.85
42.0 0.0 26.6 0.0 1.0 21348.71
32.0 1.0 28.12 4.0 1.0 21472.48
23.0 1.0 18.715 0.0 0.0 21595.38
39.0 0.0 24.89 3.0 1.0 21659.93
46.0 0.0 23.655 1.0 1.0 21677.28
43.0 0.0 25.27 1.0 1.0 21771.34
43.0 0.0 26.885 0.0 1.0 21774.32
59.0 1.0 37.4 0.0 0.0 21797.0
43.0 0.0 24.7 2.0 1.0 21880.82
47.0 1.0 25.41 1.0 1.0 21978.68
33.0 1.0 22.705 0.0 0.0 21984.47
42.0 1.0 30.0 0.0 1.0 22144.03
57.0 0.0 23.98 1.0 0.0 22192.44
51.0 1.0 23.21 1.0 1.0 22218.11
40.0 0.0 28.12 1.0 1.0 22331.57
23.0 0.0 24.225 2.0 0.0 22395.74
56.0 1.0 19.95 0.0 1.0 22412.65
39.0 1.0 29.925 1.0 1.0 22462.04
43.0 0.0 26.7 2.0 1.0 22478.6
19.0 1.0 27.265 2.0 0.0 22493.66
52.0 0.0 30.875 0.0 0.0 23045.57
47.0 0.0 27.83 0.0 1.0 23065.42
19.0 1.0 33.1 0.0 0.0 23082.96
25.0 1.0 24.985 2.0 0.0 23241.47
53.0 0.0 22.88 1.0 1.0 23244.79
28.0 0.0 24.32 1.0 0.0 23288.93
49.0 1.0 25.6 2.0 1.0 23306.55
47.0 0.0 26.125 1.0 1.0 23401.31
39.0 1.0 34.1 2.0 0.0 23563.02
48.0 1.0 28.0 1.0 1.0 23568.27
49.0 1.0 25.84 2.0 1.0 23807.24
52.0 0.0 24.13 1.0 1.0 23887.66
51.0 1.0 24.795 2.0 1.0 23967.38
19.0 0.0 30.59 2.0 0.0 24059.68
49.0 0.0 23.845 3.0 1.0 24106.91
48.0 0.0 25.85 3.0 1.0 24180.93
58.0 0.0 41.91 0.0 0.0 24227.34
52.0 1.0 27.36 0.0 1.0 24393.62
54.0 1.0 30.02 0.0 0.0 24476.48
61.0 0.0 25.08 0.0 0.0 24513.09
50.0 0.0 27.6 1.0 1.0 24520.26
47.0 0.0 27.645 2.0 1.0 24535.7
46.0 1.0 27.6 0.0 0.0 24603.05
52.0 0.0 25.3 2.0 1.0 24667.42
26.0 0.0 29.64 4.0 0.0 24671.66
52.0 1.0 24.32 3.0 1.0 24869.84
53.0 0.0 22.61 3.0 1.0 24873.38
35.0 0.0 38.095 2.0 0.0 24915.05
47.0 1.0 28.215 3.0 1.0 24915.22
24.0 0.0 23.21 0.0 0.0 25081.77
47.0 1.0 29.8 3.0 1.0 25309.49
50.0 1.0 32.11 2.0 0.0 25333.33
54.0 1.0 25.1 3.0 1.0 25382.3
54.0 1.0 25.46 1.0 0.0 25517.11
50.0 0.0 27.36 0.0 0.0 25656.58
59.0 0.0 23.655 0.0 1.0 25678.78
52.0 1.0 26.4 3.0 0.0 25992.82
21.0 0.0 32.68 2.0 0.0 26018.95
56.0 1.0 26.695 1.0 1.0 26109.33
20.0 0.0 24.42 0.0 1.0 26125.67
49.0 0.0 27.1 1.0 0.0 26140.36
47.0 0.0 24.1 1.0 0.0 26236.58
48.0 0.0 35.91 1.0 0.0 26392.26
52.0 1.0 36.765 2.0 0.0 26467.1
64.0 1.0 23.76 0.0 1.0 26926.51
62.0 1.0 31.46 1.0 0.0 27000.98
64.0 0.0 22.99 0.0 1.0 27037.91
52.0 0.0 24.86 0.0 0.0 27117.99
57.0 1.0 28.975 0.0 1.0 27218.44
54.0 0.0 31.9 3.0 0.0 27322.73
53.0 1.0 31.35 0.0 0.0 27346.04
34.0 1.0 22.42 2.0 0.0 27375.9
57.0 0.0 29.81 0.0 1.0 27533.91
20.0 1.0 35.31 1.0 0.0 27724.29
62.0 0.0 26.29 0.0 1.0 27808.73
61.0 1.0 36.1 3.0 0.0 27941.29
62.0 1.0 26.695 0.0 1.0 28101.33
59.0 0.0 36.52 1.0 0.0 28287.9
45.0 0.0 27.645 1.0 0.0 28340.19
48.0 1.0 36.67 1.0 0.0 28468.92
40.0 0.0 41.42 1.0 0.0 28476.73
61.0 1.0 28.31 1.0 1.0 28868.66
60.0 0.0 25.84 0.0 0.0 28923.14
63.0 0.0 26.98 0.0 1.0 28950.47
61.0 0.0 29.07 0.0 1.0 29141.36
53.0 0.0 32.3 2.0 0.0 29186.48
64.0 0.0 26.885 0.0 1.0 29330.98
63.0 0.0 27.74 0.0 1.0 29523.17
55.0 1.0 37.715 3.0 0.0 30063.58
64.0 1.0 24.7 1.0 0.0 30166.62
59.0 1.0 29.83 3.0 1.0 30184.94
60.0 1.0 28.595 0.0 0.0 30260.0
50.0 1.0 25.365 2.0 0.0 30284.64
61.0 0.0 29.92 3.0 1.0 30942.19
62.0 0.0 36.86 1.0 0.0 31620.0
44.0 1.0 29.735 2.0 0.0 32108.66
19.0 1.0 30.25 0.0 1.0 32548.34
32.0 0.0 17.765 2.0 1.0 32734.19
42.0 1.0 28.31 3.0 1.0 32787.46
19.0 0.0 30.02 0.0 1.0 33307.55
52.0 0.0 37.525 2.0 0.0 33471.97
20.0 1.0 30.685 0.0 1.0 33475.82
18.0 1.0 31.73 0.0 1.0 33732.69
19.0 1.0 31.92 0.0 1.0 33750.29
25.0 0.0 30.2 0.0 1.0 33900.65
22.0 0.0 30.4 0.0 1.0 33907.55
23.0 0.0 31.4 0.0 1.0 34166.27
24.0 1.0 31.065 0.0 1.0 34254.05
18.0 1.0 31.68 2.0 1.0 34303.17
19.0 0.0 33.11 0.0 1.0 34439.86
24.0 1.0 32.7 0.0 1.0 34472.84
18.0 1.0 33.535 0.0 1.0 34617.84
28.0 1.0 31.68 0.0 1.0 34672.15
19.0 1.0 34.8 0.0 1.0 34779.62
27.0 1.0 31.13 1.0 1.0 34806.47
19.0 1.0 34.9 0.0 1.0 34828.65
27.0 0.0 31.4 0.0 1.0 34838.87
45.0 1.0 22.895 0.0 1.0 35069.37
24.0 1.0 28.5 0.0 1.0 35147.53
55.0 0.0 26.8 1.0 0.0 35160.13
34.0 1.0 30.8 0.0 1.0 35491.64
22.0 1.0 35.6 0.0 1.0 35585.58
22.0 0.0 31.02 3.0 1.0 35595.59
23.0 0.0 32.78 2.0 1.0 36021.01
26.0 1.0 32.9 2.0 1.0 36085.22
25.0 1.0 33.33 2.0 1.0 36124.57
18.0 0.0 36.85 0.0 1.0 36149.48
23.0 1.0 31.73 3.0 1.0 36189.1
29.0 1.0 34.4 0.0 1.0 36197.7
19.0 1.0 36.955 0.0 1.0 36219.41
18.0 1.0 38.17 0.0 1.0 36307.8
19.0 0.0 34.7 2.0 1.0 36397.58
61.0 0.0 33.33 4.0 0.0 36580.28
30.0 1.0 35.3 0.0 1.0 36837.47
19.0 0.0 32.49 0.0 1.0 36898.73
59.0 0.0 34.8 2.0 0.0 36910.61
30.0 1.0 35.53 0.0 1.0 36950.26
33.0 0.0 33.5 0.0 1.0 37079.37
27.0 0.0 36.08 0.0 1.0 37133.9
22.0 1.0 37.62 1.0 1.0 37165.16
37.0 0.0 30.78 0.0 1.0 37270.15
20.0 1.0 35.625 3.0 1.0 37465.34
22.0 1.0 37.07 2.0 1.0 37484.45
32.0 1.0 33.63 1.0 1.0 37607.53
34.0 0.0 31.92 1.0 1.0 37701.88
36.0 1.0 34.43 0.0 1.0 37742.58
43.0 1.0 27.8 0.0 1.0 37829.72
24.0 1.0 40.15 0.0 1.0 38126.25
42.0 1.0 26.07 1.0 1.0 38245.59
33.0 1.0 35.75 1.0 1.0 38282.75
20.0 1.0 39.4 2.0 1.0 38344.57
36.0 1.0 33.4 2.0 1.0 38415.47
23.0 0.0 36.67 2.0 1.0 38511.63
36.0 1.0 35.2 1.0 1.0 38709.18
31.0 1.0 36.3 2.0 1.0 38711.0
31.0 1.0 34.39 3.0 1.0 38746.36
18.0 0.0 42.24 0.0 1.0 38792.69
44.0 1.0 30.2 2.0 1.0 38998.55
37.0 1.0 34.2 1.0 1.0 39047.29
40.0 1.0 32.775 1.0 1.0 39125.33
30.0 1.0 37.8 2.0 1.0 39241.44
44.0 1.0 31.35 1.0 1.0 39556.49
41.0 1.0 30.78 3.0 1.0 39597.41
27.0 1.0 42.13 0.0 1.0 39611.76
19.0 1.0 44.88 0.0 1.0 39722.75
45.0 0.0 30.495 1.0 1.0 39725.52
49.0 1.0 30.9 0.0 1.0 39727.61
35.0 1.0 36.67 1.0 1.0 39774.28
37.0 0.0 34.8 2.0 1.0 39836.52
37.0 1.0 37.07 1.0 1.0 39871.7
35.0 0.0 34.105 3.0 1.0 39983.43
40.0 0.0 32.775 2.0 1.0 40003.33
39.0 1.0 35.3 2.0 1.0 40103.89
37.0 1.0 34.1 4.0 1.0 40182.25
41.0 1.0 35.75 1.0 1.0 40273.65
37.0 0.0 38.39 0.0 1.0 40419.02
46.0 1.0 30.495 3.0 1.0 40720.55
23.0 0.0 42.75 1.0 1.0 40904.2
30.0 0.0 39.05 3.0 1.0 40932.43
43.0 0.0 32.56 3.0 1.0 40941.29
48.0 0.0 33.11 0.0 1.0 40974.16
43.0 1.0 34.96 1.0 1.0 41034.22
50.0 1.0 31.825 0.0 1.0 41097.16
46.0 0.0 34.6 1.0 1.0 41661.6
47.0 1.0 36.19 0.0 1.0 41676.08
50.0 1.0 32.3 1.0 1.0 41919.1
38.0 1.0 38.39 3.0 1.0 41949.24
54.0 1.0 30.8 1.0 1.0 41999.52
46.0 0.0 35.53 0.0 1.0 42111.66
25.0 1.0 45.54 2.0 1.0 42112.24
43.0 1.0 35.97 3.0 1.0 42124.52
47.0 1.0 36.08 1.0 1.0 42211.14
55.0 1.0 30.685 0.0 1.0 42303.69
43.0 1.0 38.06 2.0 1.0 42560.43
45.0 1.0 36.48 2.0 1.0 42760.5
50.0 1.0 34.2 2.0 1.0 42856.84
47.0 0.0 36.63 1.0 1.0 42969.85
44.0 0.0 38.95 0.0 1.0 42983.46
53.0 1.0 34.105 0.0 1.0 43254.42
57.0 0.0 31.16 0.0 1.0 43578.94
36.0 1.0 41.895 3.0 1.0 43753.34
56.0 1.0 31.79 2.0 1.0 43813.87
42.0 0.0 40.37 2.0 1.0 43896.38
56.0 1.0 33.63 0.0 1.0 43921.18
34.0 0.0 30.21 1.0 1.0 43943.88
47.0 1.0 38.94 2.0 1.0 44202.65
54.0 1.0 34.21 2.0 1.0 44260.75
51.0 0.0 38.06 0.0 1.0 44400.41
55.0 0.0 35.2 0.0 1.0 44423.8
22.0 1.0 52.58 1.0 1.0 44501.4
29.0 1.0 35.5 2.0 1.0 44585.46
51.0 0.0 34.96 2.0 1.0 44641.2
60.0 0.0 32.45 0.0 1.0 45008.96
48.0 1.0 40.565 2.0 1.0 45702.02
62.0 1.0 32.015 0.0 1.0 45710.21
43.0 0.0 46.2 0.0 1.0 45863.2
37.0 0.0 47.6 2.0 1.0 46113.51
60.0 1.0 31.35 3.0 1.0 46130.53
46.0 1.0 42.35 3.0 1.0 46151.12
44.0 0.0 43.89 2.0 1.0 46200.99
51.0 0.0 37.05 3.0 1.0 46255.11
61.0 1.0 35.86 0.0 1.0 46599.11
53.0 0.0 36.86 3.0 1.0 46661.44
62.0 1.0 30.875 3.0 1.0 46718.16
64.0 1.0 33.88 0.0 1.0 46889.26
63.0 1.0 35.09 0.0 1.0 47055.53
52.0 1.0 41.8 2.0 1.0 47269.85
64.0 0.0 31.3 2.0 1.0 47291.06
63.0 0.0 32.2 2.0 1.0 47305.3
61.0 1.0 36.3 1.0 1.0 47403.88
51.0 1.0 42.9 2.0 1.0 47462.89
58.0 1.0 36.955 2.0 1.0 47496.49
59.0 0.0 36.765 1.0 1.0 47896.79
64.0 0.0 33.8 1.0 1.0 47928.03
60.0 1.0 39.9 0.0 1.0 48173.36
61.0 0.0 36.385 1.0 1.0 48517.56
54.0 1.0 40.565 3.0 1.0 48549.18
60.0 1.0 40.92 0.0 1.0 48673.56
57.0 1.0 42.13 1.0 1.0 48675.52
63.0 0.0 37.7 0.0 1.0 48824.45
44.0 0.0 38.06 0.0 1.0 48885.14
59.0 1.0 41.14 1.0 1.0 48970.25
64.0 1.0 36.96 2.0 1.0 49577.66
28.0 1.0 36.4 1.0 1.0 51194.56
60.0 1.0 32.8 0.0 1.0 52590.83
33.0 0.0 35.53 0.0 1.0 55135.4
31.0 0.0 38.095 1.0 1.0 58571.07
52.0 1.0 34.485 3.0 1.0 60021.4
45.0 1.0 30.36 0.0 1.0 62592.87
54.0 0.0 47.41 0.0 1.0 63770.43