# Random x,y and class values for SVM testing
-2.816566759436241 -11.451584986249275 -1
-2.4236805814494042 -11.027234234984276 -1
-1.5639865068152257 -10.721125259602543 -1
-0.4082554716790705 -10.680547185579956 -1
-1.8319831561853097 -10.40297865649812 -1
-2.116041462038159 -10.35730890764857 -1
-2.318696611338668 -10.299406843444297 -1
-2.055219014235006 -10.231411985451054 -1
-2.3909794639568576 -10.18911759064778 -1
-1.2445077832981162 -10.172196350513996 -1
-2.2573946651614354 -10.07513651676328 -1
-1.8146794933637251 -10.055990128477609 -1
-2.7495321871089278 -10.004688508326286 -1
-0.07408292880488343 -9.991623417268533 -1
-1.2877916932184517 -9.960553834132494 -1
-3.513754469999803 -9.867090223422007 -1
-0.9989715038772569 -9.828555363911235 -1
-1.8102548449495937 -9.783535224162309 -1
-1.3884530229487222 -9.68323344214999 -1
-3.893831862724247 -9.56451692976237 -1
-3.6235783194063274 -9.543295583927787 -1
-3.4932499704110906 -9.500250263130848 -1
-3.3417968052307847 -9.47382989314045 -1
-0.8799694775055757 -9.463742996591709 -1
-0.851822624701167 -9.453081774302415 -1
0.47712479124067864 -9.4456115904224 -1
-1.7677208622318672 -9.423580022905863 -1
-3.7828805241470693 -9.383031743043764 -1
-1.7655863234954212 -9.34943001162361 -1
-2.734738363731573 -9.347779563139333 -1
-0.7823261725710091 -9.29233526072876 -1
-1.5271082239054972 -9.291151703657004 -1
-2.6563038785320012 -9.262813858706746 -1
-3.094420789784553 -9.240960895904205 -1
-1.8171622034997739 -9.229098753343576 -1
-2.0691238006040082 -9.221932112270888 -1
-0.21804624544857032 -9.219627060434595 -1
-1.7593989403610275 -9.165881613753148 -1
-3.6373721452172836 -9.124066382836162 -1
-2.427084284737527 -9.115857529327599 -1
-0.9680932292457214 -9.100819531218596 -1
-2.62575398231455 -9.088392475070219 -1
-0.4896436721916235 -9.078225295241218 -1
-1.1720332194122045 -9.0742890217773 -1
-3.214008021116359 -9.067846156305025 -1
-1.7134417987753436 -9.055212998825306 -1
-1.9140440589387495 -9.035755657393125 -1
-2.9141168138115146 -9.033056880610292 -1
-1.276233675712788 -8.981382887025356 -1
-1.0207478285536835 -8.96772272895214 -1
-1.6278843245847905 -8.932723091895102 -1
-3.0139276617892605 -8.914417118448329 -1
-4.871303757425009 -8.90918864543795 -1
-2.95136138874798 -8.80728994216716 -1
-1.7260450509630938 -8.800212673407524 -1
-1.53809057623451 -8.778281370344805 -1
-2.379654159438622 -8.749734175478357 -1
-3.786712507841287 -8.711502670579705 -1
-0.13503690844338068 -8.710583067085478 -1
-3.750457301157894 -8.678981209800329 -1
-3.2501456674382463 -8.67304841855565 -1
-2.28022731317405 -8.649540718198608 -1
-1.7894826830312027 -8.62182811060373 -1
-1.212483340098017 -8.621081227343172 -1
-1.2656153204056877 -8.612627076429323 -1
-0.7638117124194901 -8.573486194708586 -1
-1.610393883926166 -8.559493666888402 -1
1.763061954740063 -8.517093631280368 -1
-2.6164237639193586 -8.503413826078791 -1
-0.7212391439745476 -8.456070284996297 -1
-3.43913777656284 -8.413876295976559 -1
0.5608554219148512 -8.379428640647442 -1
-2.3063542147932345 -8.37456352861322 -1
-1.1094194582640275 -8.264400659360138 -1
-3.4129797602731973 -8.250430384337541 -1
-0.3679457446561032 -8.227915521192335 -1
-1.8368205595978424 -8.219521307376187 -1
-2.0328519539425547 -8.161587705542267 -1
-0.9454957052344796 -8.085850028445781 -1
-0.9264212881810842 -8.05780593500332 -1
-2.189312467810025 -8.04813720568942 -1
-1.2726693687053054 -8.031670052064095 -1
-2.727411542231615 -8.028261054842513 -1
-1.9431456309015145 -7.978417025167147 -1
-1.2285637062059418 -7.963172747219523 -1
-1.3792117136563302 -7.961016398969685 -1
-2.7811527701631746 -7.959733938207979 -1
-0.7412312653322548 -7.872708769688731 -1
0.00280892077074002 -7.842093395380434 -1
-1.1004790982005803 -7.784368032377442 -1
-1.5253411707902433 -7.6432020647248375 -1
-1.812946313242291 -7.556407341581868 -1
-2.0288479737681957 -7.504964483639781 -1
-3.294461341119912 -7.4526999717524225 -1
-0.8503969758305965 -7.28845191952534 -1
-2.61275734646624 -7.1938168429777685 -1
-0.9282180116143176 -7.087184237813475 -1
-2.165070458465274 -7.0638405474331165 -1
0.11541037555569589 -7.034861740633621 -1
-4.072202212679597 -6.889112357346031 -1
4.706648828617704 -7.474538733568364 1
6.397284595191192 -6.173666487847968 1
4.19317905669798 -6.0104846837108346 1
5.900632385599104 -6.001233536297498 1
5.602834469226497 -5.924357433283529 1
4.6764502257848815 -5.804477958819744 1
6.828858405892116 -5.780372905924211 1
4.914173240857395 -5.7075902173395985 1
6.442410270205049 -5.563781902958425 1
5.548751059779673 -5.530678406949393 1
6.592421542347152 -5.517017423597126 1
6.205335785716665 -5.456421887696237 1
4.046052581641861 -5.419933421038081 1
5.046652113118763 -5.401016517065573 1
5.7690343167274545 -5.323727768768383 1
5.779137845898495 -5.308355430745626 1
6.000420777373684 -5.285814445116941 1
5.260820039022784 -5.282599801924709 1
5.4376283475660205 -5.22884711978612 1
4.057041912541151 -5.1732073753825585 1
5.938850318836474 -5.123041558979844 1
6.2026912900622575 -5.116828092034446 1
5.503936553525087 -5.105523386187639 1
4.830685369954638 -5.099393344337869 1
6.026745330634672 -5.089474017009725 1
6.649179253296902 -5.053047376064299 1
6.123094227177649 -5.023728082464036 1
6.556541423318938 -5.020376331712262 1
6.2851790417874955 -4.887444677120047 1
6.088020617657112 -4.8354862584141145 1
6.711525914214019 -4.743662812392067 1
6.134926363846178 -4.734233003061463 1
4.193525972938619 -4.719542943111076 1
6.225819238636745 -4.705026992762468 1
7.761348748544801 -4.677224410068885 1
2.7128488287364836 -4.6688422478519405 1
5.843493961458788 -4.638326332180069 1
5.233932162339877 -4.600551590324484 1
7.66945463202401 -4.584488350444793 1
5.592143820338442 -4.5745061600820955 1
3.9589418266889274 -4.572596623283167 1
6.447170514602346 -4.562891707091686 1
7.175170995575865 -4.5616575664792185 1
5.099799146907886 -4.512950628802205 1
5.202485099858316 -4.477038176164309 1
5.525433806188681 -4.387108078553258 1
5.124876901414303 -4.381883586493265 1
3.1351865879800624 -4.379479311916033 1
6.136701784382311 -4.36387931204643 1
5.842519617772108 -4.339342189616108 1
4.248011444581175 -4.279078296916936 1
6.397663081470444 -4.273195352380005 1
5.22606106441024 -4.272326351550336 1
6.283337956554658 -4.224139820658699 1
6.371254082364717 -4.1613492484611045 1
6.375255730985478 -4.158249447179247 1
6.689078162255923 -4.145221348481452 1
5.0823055742149785 -4.119715882732571 1
7.291214635677141 -4.0926565260732 1
6.761044025953071 -4.049002049650485 1
5.140129646711266 -4.044522639060467 1
5.251387273682082 -4.0421584045064805 1
6.98477325869448 -4.017518017729117 1
6.57873500983912 -3.9938558236268475 1
5.995747270969878 -3.9411018198791115 1
5.72672553188573 -3.884339848037747 1
4.7455833114969135 -3.8818723458402693 1
7.819269833700833 -3.867393702674197 1
6.329182898902522 -3.8555843062433404 1
4.608310221930594 -3.82292056541503 1
6.797820646378707 -3.81212051724114 1
5.160545048715142 -3.7901545432191313 1
3.979054124263544 -3.781333121711107 1
5.99428155421153 -3.7743957284304246 1
4.844670996290349 -3.7615375204936923 1
6.965806161431699 -3.760107196448557 1
5.803643356471459 -3.6703388600141884 1
7.040465716509186 -3.5552306272946543 1
2.7635558451880198 -3.5268014938404297 1
6.250819954203881 -3.3899302005675342 1
6.276267044340683 -3.376891071490874 1
4.16288547149213 -3.323421455792558 1
6.4153597553383745 -3.2923512313826233 1
6.14020277034501 -3.1244208001271305 1
6.9930598805334885 -3.101487730356271 1
5.993600285592045 -3.0997989314100485 1
7.399672046121932 -3.0355339289124936 1
5.114109204978603 -2.974279600571114 1
7.404813438200747 -2.905609473889225 1
5.922449229330942 -2.879992907486752 1
5.898481234041532 -2.8704706414110017 1
5.96243774169898 -2.7369983187289737 1
5.755123569431754 -2.6883702057579546 1
5.74964241211433 -2.4565359536889186 1
7.058099443260642 -2.446118833451731 1
5.612898165399777 -2.2005646606697438 1
5.036967554320031 -2.1729619567400724 1
7.442251400973702 -1.8701663028213709 1
5.219177016053579 -1.6789248151417033 1
4.304012985289587 -1.6201800402588868 1